0:
###
#.#
#.#

1:
###
.#.
###

2:
###
##.
#..

3:
##.
.##
..#

4:
#.#
###
##.

5:
..#
###
###

48x42: 43 59 54 46 51 56
47x35: 43 30 48 38 43 51
47x36: 37 39 50 45 44 47
37x48: 49 41 35 39 53 53
45x39: 39 46 48 42 48 47
38x46: 45 43 42 46 51 42
45x42: 27 37 37 42 31 36
42x35: 40 36 41 38 36 36
35x42: 32 22 32 23 22 23
35x37: 31 33 40 35 29 33
43x48: 40 35 72 51 58 64
42x44: 42 49 47 49 54 44
44x42: 51 52 45 46 47 43
37x43: 29 56 42 37 37 43
40x41: 37 34 43 53 49 40
43x46: 41 29 39 35 30 35
48x50: 47 62 75 77 63 52
48x48: 37 43 47 48 33 48
36x50: 52 43 35 47 55 44
50x35: 57 49 39 50 40 35
48x40: 49 46 47 52 51 51
42x38: 38 42 32 49 41 45
41x39: 23 25 33 20 33 34
41x43: 43 26 27 24 28 33
36x38: 23 21 24 22 29 24
49x37: 46 48 43 33 55 50
40x45: 33 35 33 28 25 41
36x48: 22 24 35 32 40 38
49x37: 46 53 47 42 50 40
49x45: 52 57 63 66 48 57
50x48: 64 53 76 53 66 57
41x44: 29 24 39 29 36 24
35x47: 42 38 37 47 41 49
42x41: 39 42 40 52 44 50
44x46: 44 64 64 51 51 39
48x41: 30 35 41 28 34 39
44x48: 48 36 31 40 33 36
40x43: 33 46 48 50 49 41
50x35: 27 30 31 28 32 27
44x41: 54 48 49 39 41 45
46x42: 30 37 41 30 33 38
41x45: 54 49 38 48 46 48
36x45: 43 46 38 28 32 58
48x46: 45 38 44 39 42 31
38x39: 37 39 39 33 42 37
44x45: 43 40 45 30 22 30
42x36: 33 54 42 38 28 38
47x47: 37 33 38 31 41 45
43x38: 20 30 32 31 25 29
35x35: 34 31 37 19 29 36
46x42: 52 54 58 44 35 54
49x38: 35 35 35 30 23 33
46x48: 49 75 49 53 56 56
36x48: 45 47 58 41 40 36
50x42: 36 38 47 37 29 36
36x39: 34 41 42 32 38 29
46x38: 39 41 51 52 45 44
46x48: 47 39 32 38 46 38
45x50: 37 37 39 48 39 39
37x39: 34 43 38 39 38 31
42x48: 39 34 37 26 37 51
41x48: 47 37 28 34 31 31
37x35: 38 34 29 27 37 32
36x42: 40 35 38 32 40 46
46x42: 43 55 57 41 50 50
41x41: 36 43 49 40 41 50
41x40: 23 27 28 26 35 29
46x50: 61 59 60 65 61 50
37x42: 23 26 25 32 33 28
38x38: 34 38 38 39 38 36
42x45: 38 53 58 50 51 43
47x36: 36 44 49 46 44 43
47x46: 44 40 37 34 36 33
43x47: 46 48 62 57 51 50
36x44: 25 24 25 27 32 34
42x38: 31 39 42 41 52 41
49x37: 37 46 60 28 40 65
46x35: 36 50 42 41 32 47
48x43: 39 37 45 36 32 34
50x47: 36 33 37 44 41 49
35x48: 29 32 32 25 29 29
48x44: 30 37 37 33 49 38
45x44: 43 51 47 57 52 56
40x46: 43 49 38 43 53 55
36x36: 33 41 35 26 32 31
39x37: 25 30 31 27 26 16
47x41: 51 45 39 49 54 57
40x48: 32 38 42 34 31 31
46x39: 38 30 25 34 35 33
43x38: 55 47 31 38 37 41
44x47: 47 48 66 63 53 46
43x50: 59 68 45 56 51 51
47x46: 48 46 73 61 65 44
38x41: 32 32 27 22 23 20
42x37: 35 36 44 40 41 44
37x43: 26 27 23 29 30 33
50x41: 42 59 56 45 49 63
46x41: 49 50 51 42 41 56
35x46: 41 43 43 37 36 47
42x43: 40 43 57 47 48 45
35x38: 21 21 24 16 29 20
45x50: 50 36 39 34 46 34
46x49: 54 57 55 59 54 68
36x45: 27 29 33 25 33 33
50x44: 41 24 43 37 48 30
47x43: 47 58 66 37 47 54
47x38: 41 40 50 44 49 51
37x45: 34 45 31 44 55 46
35x37: 24 39 41 45 20 35
43x43: 46 42 55 37 52 51
35x39: 31 31 33 39 32 45
44x49: 47 33 26 37 46 35
44x45: 32 35 43 38 40 21
44x45: 45 45 62 39 61 51
35x44: 32 17 31 28 20 25
46x43: 29 43 31 41 28 38
48x46: 41 36 40 41 35 47
44x38: 25 24 41 27 21 29
49x50: 65 53 68 60 64 67
48x35: 46 42 42 41 36 51
43x48: 48 61 53 64 46 49
45x44: 31 33 40 32 35 38
37x46: 27 33 36 28 22 33
44x38: 26 28 25 24 36 29
40x37: 31 41 42 40 35 40
49x40: 38 29 44 22 35 39
36x35: 24 26 40 31 37 37
41x44: 39 41 55 39 51 52
46x45: 50 59 53 54 61 42
39x44: 31 37 26 31 31 25
49x38: 51 47 54 46 41 48
46x47: 52 68 53 50 51 57
37x43: 25 32 23 29 30 29
47x37: 38 49 39 38 54 47
43x41: 46 53 43 41 45 42
43x42: 48 33 45 46 48 58
48x44: 46 52 59 54 57 58
41x39: 34 31 30 24 25 25
49x44: 38 34 43 38 34 37
37x48: 42 50 49 39 39 53
49x49: 62 56 72 72 52 60
49x39: 45 56 27 45 57 60
41x39: 43 38 42 33 52 36
48x40: 38 25 31 44 35 35
37x41: 47 26 47 32 39 42
43x50: 27 38 34 37 36 51
42x41: 20 40 33 29 26 33
35x50: 20 23 33 29 37 33
37x36: 18 29 32 21 25 19
35x38: 28 32 35 45 38 30
46x39: 23 27 29 32 35 48
41x35: 40 31 37 37 33 43
39x37: 31 39 36 47 41 31
50x35: 30 30 30 23 29 33
41x44: 32 29 30 30 28 33
38x44: 39 49 44 33 41 49
49x48: 62 60 67 63 65 47
44x37: 26 28 38 26 20 29
48x43: 39 34 39 38 30 43
45x45: 46 35 29 45 35 35
35x48: 36 51 36 47 44 45
45x43: 65 46 46 51 42 48
40x44: 42 49 43 39 47 49
48x43: 59 57 53 50 44 54
50x49: 37 39 43 54 34 49
41x39: 26 33 31 26 31 21
48x36: 51 41 54 36 39 44
40x40: 44 36 40 43 44 40
45x39: 38 43 39 54 49 49
49x43: 55 56 63 55 50 47
48x40: 44 39 30 21 36 37
45x45: 59 37 62 48 52 54
43x35: 29 25 33 22 21 24
35x38: 30 23 23 18 16 22
35x44: 32 43 46 28 41 45
39x50: 38 38 34 42 27 29
38x49: 35 28 31 28 40 30
48x37: 38 41 23 29 29 31
44x38: 19 37 30 24 29 28
50x44: 28 35 44 37 48 31
48x49: 56 67 49 51 68 67
47x49: 34 46 33 36 45 45
47x45: 49 59 59 46 49 62
45x37: 46 50 43 41 47 29
43x45: 42 36 30 38 29 34
38x42: 55 31 43 47 37 35
38x46: 30 19 33 42 32 24
46x37: 48 44 39 45 40 46
49x42: 47 51 59 54 55 52
40x44: 25 30 34 36 30 27
39x44: 29 23 31 39 26 34
38x44: 51 40 31 43 50 41
35x47: 39 40 32 64 36 47
36x44: 43 48 42 33 40 36
48x48: 62 61 60 60 59 53
46x48: 39 41 33 50 42 34
49x46: 45 40 38 36 44 37
39x50: 25 32 35 47 34 34
47x39: 48 49 54 42 41 48
46x43: 27 29 42 40 31 41
46x50: 39 38 44 44 44 30
38x48: 25 31 40 24 37 34
43x49: 62 56 47 49 56 52
49x46: 48 58 74 63 59 49
46x35: 23 26 26 37 28 24
48x38: 34 26 35 32 31 33
48x49: 72 52 61 59 54 64
42x48: 34 39 34 30 41 46
35x37: 30 39 38 26 40 25
38x43: 38 28 34 25 21 22
50x43: 35 43 39 40 25 42
50x49: 45 39 51 36 51 34
49x48: 61 64 71 62 59 47
50x36: 33 24 36 41 27 31
47x36: 42 48 37 41 38 53
35x44: 43 45 46 36 33 34
38x43: 47 40 56 36 37 36
43x49: 61 65 52 53 53 40
37x36: 22 19 30 31 21 20
35x36: 34 18 39 43 27 37
48x46: 56 57 64 53 52 58
44x48: 30 30 33 35 48 47
37x42: 33 22 25 21 33 33
39x39: 21 38 29 29 29 22
37x50: 49 59 39 45 39 52
35x40: 27 12 29 22 26 26
39x37: 27 21 25 32 26 24
49x43: 59 50 60 56 50 51
48x48: 61 54 46 63 61 69
45x47: 39 39 33 41 38 35
36x50: 50 42 46 46 47 46
42x47: 33 39 36 36 30 36
36x39: 24 27 30 22 23 30
48x43: 49 60 51 55 52 51
39x40: 21 37 29 29 23 30
46x41: 29 36 25 34 30 41
35x45: 40 31 47 45 34 48
40x45: 44 36 48 38 49 60
36x42: 44 40 38 36 44 30
38x41: 31 32 19 24 23 27
49x47: 60 55 56 55 71 56
40x49: 46 41 58 54 51 54
46x43: 42 42 65 49 63 45
50x41: 32 32 42 32 33 36
44x46: 32 34 35 42 41 25
38x42: 30 30 27 22 34 24
49x41: 50 58 64 47 42 49
47x38: 47 37 47 48 41 56
46x45: 40 32 46 39 31 36
43x40: 36 29 27 21 27 41
41x50: 45 45 53 47 63 61
49x48: 58 62 61 53 62 64
47x48: 54 57 71 67 55 48
49x47: 36 39 42 35 48 39
48x38: 46 50 39 44 50 50
46x46: 52 46 60 55 55 59
40x47: 54 42 52 45 51 45
39x46: 30 31 33 35 31 34
48x49: 61 63 69 73 45 56
48x41: 50 50 41 59 58 46
45x38: 46 45 45 46 39 43
39x36: 35 44 28 39 27 43
37x43: 41 32 41 44 41 47
41x35: 24 28 23 17 27 23
43x46: 52 47 52 51 57 46
35x48: 39 26 27 27 31 26
38x50: 57 40 49 50 57 40
35x38: 22 41 35 27 43 35
50x35: 45 45 37 51 43 49
43x37: 39 39 41 41 45 40
46x48: 35 49 32 42 39 42
37x47: 33 34 30 25 27 31
46x49: 32 39 35 42 49 43
47x41: 37 27 33 26 38 33
41x44: 38 32 25 32 30 25
48x40: 37 23 39 40 31 38
45x46: 60 55 61 46 41 55
37x49: 30 35 29 40 27 31
46x39: 54 43 49 50 37 45
37x49: 42 61 48 48 34 47
37x47: 44 53 51 39 47 33
37x44: 42 50 43 46 34 37
43x38: 34 41 37 38 52 48
47x45: 53 59 50 58 45 61
49x45: 61 60 54 56 48 60
50x38: 38 31 36 33 22 31
42x43: 47 44 60 50 36 44
36x37: 24 22 26 24 25 22
49x41: 47 43 54 52 53 61
44x44: 53 54 47 44 47 51
45x38: 43 35 45 38 49 52
45x35: 16 26 33 29 33 27
48x37: 34 26 36 31 29 36
49x49: 50 42 43 38 40 43
47x44: 59 51 42 60 56 51
46x45: 37 40 33 28 44 42
35x45: 40 38 32 53 44 38
40x42: 36 32 31 31 17 35
44x35: 46 36 43 34 40 37
45x48: 61 58 61 61 45 49
44x38: 46 51 36 30 49 41
50x39: 37 35 39 31 33 33
43x50: 61 59 42 47 55 63
46x40: 43 51 51 48 41 50
43x44: 28 38 36 32 30 31
41x38: 39 51 32 54 36 31
35x40: 18 22 29 23 32 19
35x46: 50 46 36 27 35 49
37x37: 39 43 37 35 29 28
35x50: 38 39 38 43 55 55
37x40: 19 22 28 26 33 27
45x48: 50 52 64 53 61 53
47x40: 28 38 33 34 32 30
48x43: 31 41 32 44 30 46
35x50: 40 41 40 45 57 46
39x48: 56 51 50 39 42 48
35x37: 19 16 30 23 20 24
41x42: 41 43 44 47 45 46
44x36: 37 35 32 42 44 53
37x42: 30 37 49 38 42 44
45x35: 43 37 43 48 41 33
39x35: 26 26 19 20 28 24
41x39: 37 44 48 43 45 31
43x43: 32 34 39 24 28 38
48x47: 42 34 42 33 47 42
44x42: 37 24 42 33 30 29
48x40: 42 44 54 48 53 55
36x49: 22 41 46 24 31 27
44x49: 27 31 38 43 44 41
40x47: 39 51 56 53 45 48
43x50: 48 61 60 60 53 51
40x43: 28 36 24 28 32 33
45x40: 48 45 40 48 59 37
37x36: 44 42 34 33 26 26
49x37: 45 54 36 48 49 46
47x47: 32 41 51 30 37 33
48x40: 33 39 27 33 50 26
42x47: 60 45 46 50 50 52
46x49: 36 48 35 36 48 36
39x46: 23 34 33 34 33 38
49x36: 33 30 32 34 34 29
42x45: 42 29 37 25 37 39
44x45: 39 56 53 57 45 57
50x44: 47 58 53 63 57 62
45x42: 51 49 49 48 46 48
35x44: 41 44 44 40 37 32
49x44: 39 44 34 32 46 28
41x44: 35 32 22 28 31 34
45x37: 32 31 19 26 35 36
47x35: 37 21 28 29 26 23
38x43: 26 24 29 36 29 24
44x43: 25 49 16 30 36 39
40x37: 32 50 42 36 31 37
40x45: 59 46 42 44 37 48
47x40: 31 25 41 27 32 38
39x47: 32 29 29 37 37 30
38x41: 20 19 28 24 40 25
49x40: 29 38 36 38 30 37
48x37: 35 35 34 20 35 33
38x41: 27 25 28 27 23 25
41x50: 52 51 47 42 57 63
50x47: 41 33 46 33 44 42
44x36: 45 43 30 50 36 41
38x50: 57 54 41 58 38 46
43x48: 34 41 39 36 30 44
46x42: 65 42 43 48 51 47
36x48: 53 43 42 34 46 45
48x42: 46 59 46 53 47 59
47x37: 27 27 31 32 29 33
47x40: 32 38 34 27 32 32
42x42: 42 44 36 55 52 44
48x44: 44 59 54 54 54 60
49x45: 61 55 50 55 57 60
48x38: 45 48 47 44 44 52
42x48: 35 38 35 30 35 51
42x48: 44 33 34 40 34 38
36x36: 32 16 21 23 25 27
39x49: 34 42 36 29 42 25
40x48: 44 49 55 48 51 49
39x44: 43 38 34 45 46 57
40x38: 32 41 39 46 41 37
43x36: 40 40 38 39 42 39
37x35: 23 23 28 21 14 23
40x46: 33 27 39 31 29 35
46x49: 55 55 51 58 73 54
39x43: 31 29 32 25 33 31
49x41: 44 29 39 38 29 28
38x38: 19 25 21 22 31 26
42x50: 38 44 35 41 36 30
49x42: 55 46 52 50 63 50
40x46: 30 35 42 15 31 42
39x38: 18 28 32 26 33 19
38x46: 22 33 30 37 31 27
49x43: 39 46 35 39 31 34
49x37: 49 43 42 51 41 54
49x39: 49 56 56 38 37 56
35x48: 34 51 47 38 46 42
50x44: 64 53 59 45 61 54
39x45: 19 43 37 31 30 35
43x42: 42 47 58 50 40 44
43x44: 52 46 52 45 41 55
36x50: 35 51 38 49 47 57
38x42: 42 35 46 49 38 39
41x43: 30 34 34 27 27 29
35x36: 32 35 34 24 31 36
37x50: 29 39 33 28 30 33
38x37: 29 40 41 39 35 34
41x47: 52 51 40 48 54 50
45x44: 55 53 53 53 55 37
39x49: 51 54 47 42 46 52
47x43: 53 50 59 40 54 53
50x47: 31 43 34 47 46 38
41x45: 40 36 38 25 25 31
39x48: 39 30 26 46 32 34
40x50: 32 39 25 33 38 40
37x42: 27 29 30 29 25 28
42x44: 37 33 36 27 26 37
47x36: 32 22 27 30 31 38
37x50: 44 43 28 24 30 23
41x35: 29 26 22 21 29 15
48x46: 53 61 62 54 46 64
41x39: 29 38 22 21 30 29
48x39: 55 43 52 45 46 47
41x40: 38 44 43 46 44 39
45x50: 53 33 36 45 28 44
44x50: 24 30 44 43 42 40
37x42: 23 28 34 26 32 24
41x49: 35 34 35 36 37 30
49x38: 38 29 32 31 29 33
38x44: 49 37 44 41 36 50
42x49: 59 61 54 46 43 52
36x36: 25 31 27 18 19 24
45x39: 42 32 30 31 28 31
41x46: 24 27 36 33 35 40
43x36: 44 43 36 30 34 48
39x36: 25 29 34 16 27 24
38x45: 47 48 55 44 36 35
40x36: 31 42 36 24 45 40
41x48: 38 27 34 35 30 43
48x40: 24 41 40 36 38 29
48x41: 43 47 44 64 56 52
37x46: 44 45 41 38 45 47
42x43: 52 37 48 38 39 62
41x44: 43 43 43 41 55 51
42x36: 37 24 33 45 54 41
41x48: 44 29 43 30 32 29
45x50: 61 54 60 59 51 62
45x42: 53 52 47 42 45 50
43x37: 44 45 42 36 40 37
46x48: 59 54 66 56 57 49
48x36: 37 28 24 38 35 29
35x37: 34 34 34 31 38 28
42x43: 46 49 49 38 47 47
45x41: 59 53 49 42 38 42
47x40: 33 31 32 32 33 34
46x45: 51 57 50 55 56 50
48x42: 53 52 53 63 46 47
39x37: 21 31 31 21 26 25
38x46: 27 42 34 24 31 22
38x50: 35 31 27 37 28 33
47x50: 53 57 63 74 52 67
47x36: 21 36 29 27 29 37
39x38: 35 34 52 33 31 44
43x43: 44 45 43 61 48 47
50x48: 85 61 54 60 52 56
44x45: 30 37 38 34 35 36
40x46: 28 38 30 26 40 33
50x40: 31 34 39 30 38 35
39x41: 45 39 41 33 47 39
37x38: 22 22 28 23 24 24
42x47: 34 39 35 28 42 31
45x42: 38 46 54 53 51 51
36x45: 31 28 22 31 29 38
49x37: 53 44 50 44 45 43
47x40: 25 28 34 40 41 27
41x39: 33 24 33 20 27 31
37x36: 45 30 36 36 29 30
37x48: 33 33 29 23 37 37
41x45: 48 48 39 48 52 48
43x39: 32 23 25 31 39 32
39x43: 39 41 47 51 45 38
39x47: 34 27 30 31 36 36
41x38: 35 41 53 37 36 39
42x49: 51 63 53 43 51 53
46x49: 34 28 36 55 41 46
47x48: 56 37 39 44 33 31
49x37: 31 27 36 34 39 25
41x45: 37 52 51 45 49 50
39x45: 50 51 51 48 34 38
48x42: 30 38 48 37 35 36
37x43: 20 25 30 27 30 36
46x48: 37 40 37 38 40 47
46x36: 51 52 35 49 38 31
46x41: 43 49 55 54 46 46
50x46: 47 62 80 58 65 45
49x44: 59 52 49 62 64 47
45x38: 42 44 47 41 42 47
45x50: 41 41 43 42 35 38
41x38: 40 38 43 28 52 36
48x41: 25 38 35 34 33 42
40x37: 22 27 34 28 24 21
39x47: 29 33 41 24 27 40
48x37: 33 35 35 29 34 26
49x44: 65 41 41 62 64 59
46x38: 34 26 36 21 31 31
49x45: 27 42 46 35 40 49
44x39: 33 26 24 37 34 28
40x40: 27 20 41 25 34 22
36x40: 34 29 21 24 20 27
36x43: 48 32 46 42 36 36
41x40: 41 43 42 50 45 34
48x36: 47 44 34 46 48 46
49x37: 55 50 42 45 43 43
43x40: 46 37 47 43 43 49
37x38: 32 49 37 37 34 28
36x37: 37 38 38 28 23 40
35x37: 31 40 35 30 33 30
47x48: 56 60 52 53 62 62
35x39: 31 37 29 41 34 39
41x41: 43 53 40 34 47 39
48x45: 44 41 42 46 32 34
45x41: 40 51 52 58 39 48
40x40: 29 33 54 40 49 43
48x42: 56 45 63 41 56 48
38x45: 27 37 27 35 30 24
40x39: 51 43 36 34 39 35
40x39: 24 35 31 26 28 24
48x37: 37 30 33 39 27 25
37x44: 21 26 39 28 22 31
46x45: 47 53 54 64 52 52
36x39: 24 25 30 27 24 25
47x42: 38 49 45 47 53 70
39x44: 26 19 39 36 37 25
50x40: 44 47 53 57 54 55
36x49: 55 44 44 50 36 44
35x39: 28 24 24 24 21 22
38x38: 27 26 17 20 23 30
50x49: 40 49 43 43 37 44
46x36: 49 41 42 39 44 39
47x48: 43 40 41 32 43 40
44x43: 24 30 22 40 41 38
41x41: 45 36 33 52 49 45
35x38: 26 25 19 25 15 21
42x50: 55 58 51 57 55 48
38x47: 43 47 50 54 50 34
41x45: 30 39 31 27 34 34
44x43: 62 42 57 53 44 36
50x44: 57 61 55 54 54 57
42x48: 37 34 39 32 34 48
47x39: 41 25 32 40 28 29
36x38: 37 44 34 29 31 34
50x37: 39 37 64 60 50 41
41x38: 36 53 33 40 38 39
44x41: 26 29 32 28 31 35
39x48: 32 30 27 37 39 42
47x42: 52 39 54 53 60 47
48x47: 62 65 53 63 51 54
44x35: 34 38 35 48 43 41
42x38: 40 51 39 46 36 35
35x48: 30 36 30 20 38 22
35x45: 59 28 35 38 45 36
40x41: 30 37 18 32 29 23
46x46: 50 55 51 64 63 45
37x43: 40 44 41 30 46 41
45x37: 15 24 32 28 43 37
45x49: 41 49 41 29 44 35
41x48: 49 42 42 54 50 66
39x45: 41 52 38 44 55 39
45x49: 55 56 59 53 58 58
40x41: 27 23 32 31 29 27
47x44: 56 44 56 54 50 59
35x40: 23 29 24 27 25 15
49x41: 32 37 32 31 37 38
48x42: 50 63 47 45 49 54
47x41: 57 49 41 51 49 49
38x36: 43 41 31 20 32 39
42x44: 30 25 34 26 32 49
44x40: 48 42 38 48 42 53
49x42: 56 49 51 61 50 52
45x47: 45 31 35 41 38 35
50x41: 27 33 22 42 38 46
43x39: 30 30 32 25 30 35
45x37: 38 50 48 32 42 44
38x44: 40 40 42 66 41 35
50x44: 45 65 51 67 54 59
41x39: 36 45 43 49 37 39
47x41: 31 26 40 29 28 40
45x38: 42 42 55 41 46 38
41x43: 51 39 48 42 51 40
42x48: 42 41 33 35 38 34
45x48: 42 32 42 36 47 41
44x38: 26 34 20 26 32 29
37x41: 43 36 30 44 36 45
42x44: 40 46 53 56 50 43
43x38: 20 43 29 35 18 23
39x40: 34 40 53 32 37 44
40x46: 53 47 42 62 32 51
35x41: 22 23 23 31 22 22
45x44: 59 53 50 45 50 46
49x42: 50 36 32 34 44 27
41x36: 31 33 28 23 23 18
50x38: 30 27 29 40 40 26
48x37: 44 44 44 51 46 46
39x41: 32 31 44 52 40 51
50x41: 38 32 35 26 40 36
36x50: 36 28 27 29 30 41
44x42: 58 41 48 56 37 47
49x46: 38 38 58 38 33 35
37x42: 20 29 32 28 29 30
35x39: 21 16 23 23 26 33
37x49: 25 39 31 38 31 27
42x41: 32 32 31 31 31 24
46x49: 63 59 58 65 52 52
43x38: 24 22 26 30 22 44
44x45: 32 33 43 36 34 31
46x46: 54 50 66 63 49 48
45x39: 43 46 43 42 38 57
43x48: 57 48 45 65 51 54
46x48: 48 56 59 63 57 59
35x45: 39 49 47 39 39 30
40x38: 33 43 33 35 47 41
44x41: 49 47 51 52 45 36
36x40: 42 42 23 38 37 38
49x40: 31 31 36 38 34 37
47x48: 40 39 39 39 39 44
39x39: 30 44 34 47 42 39
44x48: 38 41 26 33 44 42
50x42: 52 45 48 63 55 62
40x38: 38 47 41 44 27 39
45x37: 35 27 37 29 27 24
46x38: 23 36 21 23 40 37
42x43: 54 41 46 49 51 38
41x36: 24 27 33 29 14 29
48x37: 29 37 30 25 35 36
49x37: 33 30 36 27 34 32
41x38: 35 22 17 25 30 26
42x46: 46 40 44 78 47 50
42x50: 54 56 51 61 48 55
37x48: 27 32 42 32 33 25
49x40: 51 41 49 66 59 40
41x47: 47 52 47 45 50 54
48x46: 67 56 58 53 47 58
43x42: 51 49 47 49 41 42
37x39: 36 24 25 22 18 31
37x41: 34 22 17 17 35 31
47x35: 38 31 19 26 28 22
44x42: 47 57 43 47 47 43
44x50: 49 58 54 59 66 53
38x38: 35 39 37 39 35 38
35x37: 30 33 31 36 35 35
37x44: 37 46 49 42 42 36
41x49: 37 39 32 39 29 32
44x49: 59 42 47 59 57 68
49x49: 66 72 70 48 53 58
36x37: 36 31 33 34 36 35
38x50: 57 50 44 52 42 48
44x38: 34 26 31 23 19 35
38x37: 17 32 28 24 18 25
46x50: 49 63 61 57 57 67
47x47: 53 53 57 59 58 61
50x45: 41 40 42 44 43 29
41x36: 48 27 40 42 40 32
47x46: 47 55 51 48 65 64
44x35: 22 27 29 22 26 27
48x37: 37 53 45 40 48 49
49x46: 32 42 49 38 43 36
36x44: 33 26 24 25 33 27
38x43: 27 32 29 32 20 27
37x35: 25 25 22 18 24 18
38x39: 27 20 24 29 29 26
38x37: 35 38 38 36 36 34
43x37: 45 32 39 48 40 43
41x35: 23 21 22 17 28 32
46x38: 31 30 31 35 37 16
43x40: 53 34 47 33 38 57
45x48: 40 33 41 44 38 44
47x41: 44 28 32 32 30 28
50x36: 47 49 46 38 52 43
41x41: 27 28 32 25 30 27
35x37: 45 26 32 28 34 33
44x35: 19 30 29 24 32 19
41x45: 48 60 41 36 42 53
50x44: 52 50 69 61 58 52
44x43: 33 30 29 34 34 36
46x48: 40 50 37 54 23 36
39x38: 28 34 26 29 18 20
43x48: 36 35 37 44 33 39
35x50: 49 46 43 30 53 44
44x39: 53 53 40 45 33 40
50x35: 30 30 27 35 25 28
49x38: 28 37 32 30 37 28
43x47: 41 60 56 59 46 52
40x45: 43 52 42 55 44 43
46x36: 29 29 37 32 29 24
43x44: 44 39 58 43 55 52
40x46: 38 33 29 40 27 27
44x37: 24 27 37 31 25 23
48x41: 50 55 45 50 53 49
46x45: 57 47 42 49 67 54
41x38: 44 37 32 40 43 43
47x45: 64 61 57 47 45 50
43x41: 31 36 40 34 17 23
39x40: 44 44 37 41 41 33
47x44: 54 59 53 51 51 50
37x41: 21 30 35 25 23 21
38x41: 22 32 34 30 27 10
46x44: 54 57 45 57 43 56
42x45: 36 38 39 31 34 32
48x49: 57 74 53 77 54 51
41x44: 31 34 31 30 30 26
43x45: 33 39 24 38 44 32
36x44: 41 35 40 51 35 45
50x43: 60 55 60 60 51 47
35x37: 13 27 29 23 18 22
38x42: 39 46 34 34 48 42
43x48: 58 57 51 41 58 49
47x38: 28 25 24 35 30 38
40x36: 23 27 16 27 33 30
43x47: 31 41 37 31 38 31
38x39: 35 46 33 33 39 40
45x42: 32 40 26 37 36 38
42x42: 38 32 20 33 37 36
49x46: 49 70 66 54 55 53
50x35: 44 42 42 52 52 39
50x35: 27 32 31 32 28 25
44x36: 43 31 42 36 43 48
44x42: 28 28 32 32 38 37
42x41: 29 32 30 36 36 19
48x48: 59 58 69 65 56 51
42x46: 37 27 31 38 37 40
40x39: 38 35 41 35 44 46
35x47: 40 36 41 41 47 48
42x45: 47 39 54 45 60 46
46x46: 38 32 28 44 44 39
35x50: 37 26 23 30 25 35
36x36: 30 30 34 37 37 33
47x36: 35 39 42 42 64 38
43x45: 35 33 36 39 30 36
47x37: 48 37 45 52 43 45
39x42: 36 36 51 43 43 45
41x35: 38 43 36 37 40 27
49x47: 57 63 63 51 59 60
41x37: 32 40 35 39 45 42
41x50: 36 33 32 30 46 31
50x48: 42 45 31 52 48 38
45x38: 30 30 40 25 28 26
37x38: 41 37 31 40 31 37
37x37: 16 25 32 24 22 25
45x45: 39 29 38 37 39 43
39x39: 29 32 22 30 29 26
50x36: 45 46 50 40 45 50
36x38: 24 23 20 29 25 23
50x46: 40 50 39 43 26 41
35x36: 36 38 33 32 29 26
49x38: 36 41 35 22 28 29
45x41: 44 47 47 57 41 51
50x36: 29 28 35 37 31 31
48x46: 41 33 44 33 51 37
36x39: 31 41 49 42 29 28
35x39: 27 20 22 20 34 20
39x48: 37 36 29 32 40 33
40x42: 55 30 40 52 38 46
46x44: 39 32 42 28 33 36
44x37: 22 28 27 33 26 32
44x38: 49 35 57 37 34 46
42x39: 45 34 45 47 44 39
41x47: 48 47 46 49 56 50
44x41: 48 42 48 50 43 48
48x41: 51 48 50 54 53 48
43x42: 45 23 28 35 32 33
45x43: 36 34 31 39 38 32
38x50: 31 32 30 39 33 27
43x35: 22 27 27 20 28 30
38x40: 17 33 20 31 28 27
49x40: 52 40 59 64 42 50
50x47: 34 39 37 48 43 38
41x47: 35 34 25 39 30 32
40x39: 46 34 38 50 37 38
40x48: 42 32 35 32 33 33
40x36: 39 35 40 26 37 42
39x35: 25 28 18 23 21 27
36x46: 44 41 40 36 41 51
37x36: 45 17 29 33 46 34
38x43: 42 33 62 54 37 30
48x44: 53 51 55 56 55 56
44x50: 35 37 33 37 44 38
48x50: 61 57 74 67 59 55
47x41: 49 59 48 44 45 50
41x36: 21 22 32 20 33 28
39x49: 57 41 43 51 55 47
49x35: 36 54 38 47 47 42
41x38: 51 50 39 34 32 32
47x46: 62 59 58 48 48 56
36x47: 56 39 38 37 45 43
42x49: 55 51 59 47 53 51
41x46: 35 27 33 27 41 32
49x45: 61 58 60 56 46 59
42x40: 55 48 36 37 39 41
42x35: 21 25 29 29 30 20
40x45: 39 27 41 32 24 32
46x50: 56 58 66 76 46 58
40x39: 38 50 42 35 36 38
35x49: 40 40 46 50 52 38
42x35: 28 22 25 30 24 24
38x40: 44 28 44 40 47 32
48x40: 65 43 42 36 53 52
43x36: 40 43 42 47 37 32
40x35: 30 20 23 29 17 23
38x49: 30 35 32 30 32 33
45x40: 36 37 42 29 26 24
36x45: 30 26 35 31 27 30
45x43: 53 49 58 53 42 45
48x50: 41 31 48 48 51 36
50x38: 48 43 54 55 50 45
47x49: 48 62 50 62 68 64
41x41: 49 33 52 42 45 39
44x47: 42 52 47 54 65 58
44x46: 51 55 55 41 57 50
44x37: 30 49 45 34 43 48
39x47: 42 51 44 34 52 55
43x50: 46 60 54 55 49 67
49x42: 56 43 62 52 55 50
38x40: 25 27 38 24 26 15
37x41: 34 29 42 46 47 38
46x47: 47 44 37 32 29 35
40x36: 25 23 29 24 31 24
41x47: 40 53 52 46 52 53
49x42: 33 42 33 38 29 48
38x37: 28 37 36 41 45 31
49x45: 62 57 60 64 64 35
49x42: 56 46 55 48 65 46
49x49: 36 39 44 42 53 42
50x37: 37 59 48 54 41 48
44x42: 35 28 27 38 28 39
37x46: 26 32 27 31 30 33
35x41: 32 32 43 37 34 44
49x36: 29 37 24 42 28 32
41x50: 27 29 43 35 42 31
50x35: 43 45 51 36 39 54
47x42: 47 63 55 48 48 43
40x36: 39 34 40 40 37 33
46x38: 44 46 42 39 47 49
36x39: 39 41 35 39 28 35
46x37: 37 30 23 24 28 37
38x47: 48 46 48 45 43 45
48x45: 41 42 28 47 47 34
50x50: 47 32 42 37 50 47
35x40: 34 32 29 34 35 50
50x50: 58 67 71 68 70 53
39x41: 23 27 27 31 31 30
37x48: 34 29 32 24 41 32
39x36: 47 29 41 32 35 32
38x39: 31 42 45 41 37 34
41x38: 23 21 35 29 22 25
48x45: 45 34 43 38 42 38
37x36: 37 39 34 40 22 35
48x50: 42 40 32 45 49 48
42x46: 34 37 38 29 34 37
45x39: 46 50 49 49 47 31
49x43: 46 36 31 36 37 37
40x47: 54 50 46 51 46 43
36x42: 36 32 28 22 19 30
41x43: 41 43 49 48 41 51
50x42: 56 56 46 53 60 51
38x50: 37 65 43 42 55 48
45x36: 25 36 31 30 34 23
42x43: 35 26 31 38 35 31
48x50: 33 45 42 43 44 48
47x50: 68 68 60 64 48 55
39x43: 37 29 32 21 26 37
50x48: 49 63 70 62 54 73
48x48: 53 71 49 44 54 78
37x43: 27 29 28 31 30 22
38x48: 59 36 38 59 40 51
36x37: 19 28 32 28 16 21
44x42: 50 43 44 51 51 46
39x45: 34 35 32 27 40 26
39x37: 42 34 33 41 44 29
46x48: 36 35 46 47 30 46
43x50: 48 67 40 55 58 61
46x49: 38 47 48 38 35 33
39x37: 24 25 18 33 35 21
42x50: 42 35 37 37 38 34
44x37: 38 46 42 50 37 40
43x38: 36 25 22 19 34 32
41x49: 30 39 32 35 38 34
46x46: 47 57 53 56 53 60
36x48: 44 45 36 45 51 44
40x37: 29 30 25 22 27 22
40x37: 27 25 26 21 26 30
36x49: 47 46 45 32 48 50
44x50: 41 63 58 53 52 71
37x43: 46 42 44 35 28 49
44x37: 28 31 22 27 33 27
49x46: 43 35 42 43 46 30
48x46: 61 58 58 49 62 50
47x50: 34 42 40 43 39 42
42x41: 24 28 32 35 33 30
39x36: 40 30 46 40 31 32
43x48: 43 35 39 22 49 36
44x44: 52 54 52 48 42 50
36x36: 36 31 39 28 34 31
48x42: 50 63 49 59 39 52
49x49: 51 66 60 63 62 68
41x37: 45 35 31 37 40 44
46x46: 47 57 51 43 63 61
43x49: 40 36 36 29 39 44
49x44: 64 50 44 58 53 62
36x38: 25 23 33 23 21 19
41x49: 30 27 34 42 34 41
48x50: 55 74 67 60 52 62
50x47: 33 52 45 37 34 38
37x44: 33 36 27 27 16 29
50x43: 45 58 52 50 57 67
38x44: 25 33 39 21 22 27
37x39: 42 32 32 39 44 33
44x36: 23 31 24 26 33 31
40x37: 41 38 42 43 32 34
40x41: 40 36 29 47 55 45
38x46: 32 23 29 28 31 36
46x46: 47 37 35 32 31 43
47x36: 43 53 51 45 38 32
48x50: 34 48 49 38 33 53
47x40: 36 43 30 36 24 26
39x43: 29 46 61 37 42 44
42x39: 51 44 43 40 38 36
36x42: 33 29 29 32 19 26
47x35: 45 38 48 42 45 36
39x37: 27 35 33 21 25 15
47x46: 56 51 54 60 58 55
38x44: 27 28 22 32 29 30
47x44: 49 58 44 52 51 63
43x45: 52 51 50 53 54 39
35x36: 27 21 16 25 26 17
45x46: 27 49 44 33 31 41
43x43: 54 38 41 58 48 48
44x37: 21 33 31 28 27 27
50x48: 58 74 65 61 62 50
37x38: 34 41 38 40 34 31
37x46: 34 29 23 26 26 42
37x38: 33 35 35 41 27 47
44x42: 49 47 50 48 46 45
42x41: 54 43 37 47 39 45
45x43: 28 43 31 36 31 40
49x38: 26 33 30 39 35 29
46x37: 40 36 42 55 38 54
43x41: 36 24 25 36 29 32
44x49: 32 48 36 38 37 33
38x43: 27 28 21 30 29 32
44x36: 42 32 33 52 47 40
37x46: 30 27 34 32 27 30
47x45: 40 72 50 57 56 51
40x36: 27 51 34 43 34 34
37x48: 49 39 60 51 41 37
43x38: 45 50 37 38 39 41
47x38: 30 51 46 56 50 45
46x39: 32 31 34 22 31 44
43x47: 48 51 44 55 53 60
49x45: 41 32 43 50 38 36
44x40: 39 49 46 52 45 42
35x48: 28 32 28 22 42 24
40x43: 39 51 49 38 36 51
41x36: 23 25 29 26 25 27
39x49: 35 43 40 34 30 26
38x46: 46 40 50 52 48 36
49x43: 57 50 57 55 54 52
42x38: 20 28 24 37 26 32
44x36: 39 45 40 30 43 44
42x35: 40 35 43 41 30 39
49x42: 46 46 28 35 30 39
50x41: 54 55 59 51 48 49
40x39: 35 26 35 31 19 23
47x39: 36 32 28 36 28 35
36x46: 42 42 33 54 45 41
43x38: 24 27 27 35 31 23
43x47: 50 58 57 52 51 44
39x37: 27 33 32 20 16 28
40x46: 55 43 43 41 48 51
36x43: 44 40 37 36 33 47
41x41: 48 43 53 39 41 35
36x36: 39 36 30 25 42 25
36x45: 39 41 44 46 48 33
49x50: 60 59 78 61 73 48
47x35: 36 38 43 48 49 41
44x40: 50 36 60 41 39 46
35x38: 31 36 37 40 33 30
50x47: 55 57 59 54 63 72
39x46: 45 51 40 44 45 50
42x50: 27 36 34 31 49 46
38x48: 44 38 49 46 49 55
47x40: 27 41 32 36 31 27
35x47: 31 30 30 32 24 18
38x38: 30 22 26 25 18 23
49x46: 48 53 46 63 65 72
43x36: 40 40 38 42 36 43
45x41: 64 46 50 32 41 47
43x46: 43 52 47 50 40 72
39x41: 27 38 27 26 26 24
37x47: 38 39 47 48 31 66
37x42: 28 30 36 16 32 26
